###################################### board 1 ##############################
# set a matrix of board
board = numpy.array([
#x 0, 1, 2, 3, 4, 5, 6, 7, 8
    [0, 4, 0, 4, 0],  # 0
    [2, 0, 2, 0, 3],  # 1
    [0, 1, 0, 1, 0],  # 2
])

# set a initial gourds placement
gourdsList = numpy.array([
    # x, y, x, y, colourLib_1, colourLib_2
    [1, 0, 0, 1, 4, 2],
    [2, 1, 4, 1, 4, 3],
    [1, 2, 3, 2, 1, 2],
])

###################################### board 2 ##############################
# set a matrix of board
board = numpy.array([
#x 0, 1, 2, 3, 4, 5, 6, 7, 8
    [0, 4, 0, 4, 0, 1, 0],  # 0
    [2, 0, 2, 0, 3, 0, 2],  # 1
    [0, 1, 0, 1, 0, 1, 0],  # 2
    [2, 0, 2, 0, 3, 0, 0],  # 3
])

# set a initial gourds placement
gourdsList = numpy.array([
    # x, y, x, y, colourLib_1, colourLib_2
    [1, 0, 0, 1, 4, 2],
    [2, 1, 4, 1, 4, 3],
    [1, 2, 3, 2, 1, 2],
    [0, 3, 2, 3, 3, 1],
    [4, 3, 5, 2, 2, 1],
    [5, 0, 6, 1, 2, 2],
])

###################################### board 3 ##############################
# set a matrix of board
board = numpy.array([
#x 0, 1, 2, 3, 4, 5, 6, 7, 8
    [0, 4, 0, 4, 0, 1, 0],  # 0
    [2, 0, 2, 0, 3, 0, 2],  # 1
    [0, 1, 0, 1, 0, 1, 0],  # 2
    [2, 0, 2, 0, 3, 0, 0],  # 3
    [0, 1, 0, 4, 0, 0, 0],  # 4

])

# set a initial gourds placement
gourdsList = numpy.array([
    # x, y, x, y, colourLib_1, colourLib_2
    [1, 0, 0, 1, 4, 2],
    [2, 1, 4, 1, 4, 3],
    [1, 2, 3, 2, 1, 2],
    [0, 3, 2, 3, 3, 1],
    [4, 3, 5, 2, 2, 1],
    [5, 0, 6, 1, 2, 2],
    [1, 4, 3, 4, 4, 1],
])


###################################### board 4 ##############################
# set a matrix of board
board = numpy.array([
#x 0, 1, 2, 3, 4, 5, 6, 7, 8
    [0, 4, 0, 4, 0, 1, 0],  # 0
    [2, 0, 2, 0, 3, 0, 2],  # 1
    [0, 1, 0, 1, 0, 1, 0],  # 2
    [2, 0, 2, 0, 3, 0, 3],  # 3
    [0, 1, 0, 4, 0, 1, 0],  # 4
    [2, 0, 2, 0, 3, 0, 2],  # 5
])

# set a initial gourds placement
gourdsList = numpy.array([
    # x, y, x, y, colourLib_1, colourLib_2
    [1, 0, 0, 1, 4, 2],
    [2, 1, 4, 1, 4, 3],
    [1, 2, 3, 2, 1, 2],
    [0, 3, 2, 3, 3, 1],
    [4, 3, 5, 2, 2, 1],
    [5, 0, 6, 1, 2, 2],
    [1, 4, 3, 4, 4, 1],
    [0, 5, 2, 5, 4, 2],
    [6, 3, 5, 4, 2, 2],
    [6, 5, 4, 5, 3, 2],
])